Polygon{[925,570][1252,571][1274,636][1251,672][1101,679][925,675][885,641]}
Polygon{[895,570][871,598][785,595][747,594][725,584][706,561]}
Polygon{[1258,569][1268,598][1296,596][1298,565]}
Polygon{[712,748][703,681][692,628][681,598][667,574][648,563][633,566][619,582][605,611][604,654][604,703][612,756][409,723][410,712][401,673][388,617][379,585][367,567][358,562][347,567][339,586][334,614][332,644][332,680][333,697][326,623][327,594][333,564][341,531][346,504][360,483][372,468][393,468][425,468][451,443][475,420][508,395][542,376][562,370][636,361][684,361][724,365][797,364][847,368][901,377][934,383][968,401][999,423][1025,441][1039,459][1052,472][1055,461][1062,459][1078,461][1096,471][1100,484][1127,489][1162,491][1186,492][1219,497][1245,509][1262,520][1282,540][1298,564][1297,595][1303,601][1310,619][1311,645][1310,681][1310,702][1309,712][1311,726][1312,739][1323,746][1323,749][1278,757][1271,754][1217,759][1169,760][1088,763][907,761][869,763][782,764][712,763][704,755]}
Ellipse{610,586,94,236}
Line{656,821,710,821}
Line{710,821,745,822}
Line{745,822,762,796}
Line{762,796,771,766}
Line{1117,761,1129,787}
Line{1129,787,1145,802}
Line{1145,802,1158,809}
Line{1158,809,1177,803}
Line{1177,803,1192,794}
Line{1192,794,1203,777}
Line{1203,777,1207,760}
Line{1159,809,1226,809}
Line{1226,809,1253,795}
Line{1253,795,1263,781}
Line{1263,781,1273,755}
Polygon{[1055,479][1001,424][966,400][939,393][897,385][795,378][718,378][651,381][605,385][594,392][595,413][601,441][612,479][706,480][739,481][751,474][783,472][867,471][919,473][1003,476][1052,481]}
Polygon{[594,480][579,417][568,395][552,391][515,406][490,418][466,437][456,447][450,461][456,475][467,483][483,483][481,464][487,455][504,453][533,451][542,450][552,467][553,481]}
Line{504,412,489,441}
Line{489,441,475,481}
Ellipse{333,575,67,202}
Line{366,777,435,776}
Line{435,776,449,756}
Line{449,756,454,729}
Polygon{[483,481][503,487][539,489][557,501]}
Polygon{[877,693][855,684][824,659][804,643][760,638][743,706][752,720][765,728][791,734][824,732][843,729][875,692]}
Polygon{[1249,688][1275,683][1286,660][1292,641][1310,639][1308,718][1289,728][1266,729][1246,690]}
Polygon{[949,694][1229,693][1242,729][1085,740][917,738]}
Line{1100,483,1054,480}
Polygon{[413,479][382,475][373,483][380,491][402,488]}
Line{411,482,426,466}
